# GIMP colorrc
# 
# This file holds a list of recently used colors.

(color-history
    (color-rgba 1 1 1 1)
    (color-rgba 0.3803921639919281 0.25098037719726562 0.19607843458652496 1)
    (color-rgba 0.47450980544090271 0.30588236451148987 0.23137255012989044 1)
    (color-rgba 0.27450981736183167 0.19607843458652496 0.16078431904315948 1)
    (color-rgba 0.4117647111415863 0.26274511218070984 0.21176470816135406 1)
    (color-rgba 0.3960784375667572 0.26274511218070984 0.21568627655506134 1)
    (color-rgba 0 0 0 1)
    (color-rgba 1 0.82352942228317261 0.64313727617263794 1)
    (color-rgba 0.32156863808631897 0.61568629741668701 0 1)
    (color-rgba 0.5215686559677124 0.96078431606292725 0 1)
    (color-rgba 0.048736122436178878 0.13792475108632898 0.51869158878504673 1)
    (color-rgba 1 0.82380982249263002 0.64429530201342278 1)
    (color-rgba 0.52179229627041646 0.96261682242990654 0 1)
    (color-rgba 0.029365857809947181 0.0096017243913192607 0.17883211678832112 1)
    (color-rgba 0.3803921639919281 0.20000000298023224 0 1)
    (color-rgba 0.75547445255474455 0.41387698049868754 0.035492088375055145 1)
    (color-rgba 0.37956204379562042 0.19947786243273483 0 1)
    (color-rgba 0 0.18978102189781021 1 1)
    (color-rgba 0.95507764659775629 1 0.12080536912751683 1)
    (color-rgba 0.022730612844755759 0.84671532846715325 0.17910727420375086 1)
    (color-rgba 0.52156862745098043 0.0039215686274509803 0.094117647058823528 1)
    (color-rgba 0.56862747669219971 0.52549022436141968 0.54509806632995605 1)
    (color-rgba 0.87843137979507446 0.81176471710205078 0.78039216995239258 1)
    (color-rgba 0.10777445745358347 0.12492396966152594 0.40145985401459849 1)
    (color-rgba 0.10588235408067703 0.062745094299316406 0.12549018859863281 1)
    (color-rgba 0.096516313133787321 0.076005486699652208 0.1058394160583942 1)
    (color-rgba 0.21176470816135406 0.16862745583057404 0.23137255012989044 1)
    (color-rgba 0.26274511218070984 0.13333334028720856 0.10980392247438431 1)
    (color-rgba 0.21167883211678828 0.0042619899083917046 0.040402802147430257 1)
    (color-rgba 0.86666667461395264 0.85490196943283081 0.81568628549575806 1)
    (color-rgba 0.086274512112140656 0.054901961237192154 0.11372549086809158 1)
    (color-rgba 0.10980392247438431 0.066666670143604279 0.12941177189350128 1)
    (color-rgba 0.88235294818878174 0.84313726425170898 0.83529412746429443 1)
    (color-rgba 0.84313726425170898 0.82352942228317261 0.80000001192092896 1)
    (color-rgba 0.84313726425170898 0.82352942228317261 0.80784314870834351 1)
    (color-rgba 0.75686275959014893 0.63921570777893066 0.65490198135375977 1)
    (color-rgba 0.16862745583057404 0.14901961386203766 0.20000000298023224 1)
    (color-rgba 0.92549020051956177 0.70196080207824707 0.67450982332229614 1)
    (color-rgba 0.14509804546833038 0.12156862765550613 0.18039216101169586 1)
    (color-rgba 0.094117648899555206 0.090196080505847931 0.08235294371843338 1)
    (color-rgba 0.090196080505847931 0.086274512112140656 0.078431375324726105 1)
    (color-rgba 0.38823530077934265 0.39215686917304993 0.40000000596046448 1))

# end of colorrc
